0.000000, 0.000000, 0.000000, 54.000000,   54, 0.000000, 0.000000, 0.000000
0.000000, 0.000000, 0.000000, 54.010000,   54, 0.000000, 0.000000, 0.000000
0.000000, 0.000000, 0.000000, 54.020000,   54, 0.000000, 0.000000, 0.000000
0.000000, 0.000000, 0.000000, 54.030000,   54, 0.000000, 0.000000, 0.000000
0.000000, 0.000000, 0.000000, 54.040000,   54, 0.000000, 0.000000, 0.000000
0.000000, 0.000000, 0.000000, 54.050000,   54, 0.000000, 0.000000, 0.000000
0.000000, 0.000000, 0.000000, 54.060000,   54, 0.000000, 0.000000, 0.000000
0.000000, 0.000000, 0.000000, 54.070000,   54, 0.000000, 0.000000, 0.000000
0.000000, 0.000000, 0.000000, 54.080000,   54, 0.000000, 0.000000, 0.000000
0.000000, 0.000000, 0.000000, 54.090000,   54, 0.000000, 0.000000, 0.000000
0.000000, 0.000000, 0.000000, 54.100000,   54, 0.000000, 0.000000, 0.000000
0.000000, 0.000000, 0.000000, 54.110000,   54, 0.000000, 0.000000, 0.000000
0.000000, 0.000000, 0.000000, 54.120000,   54, 0.000000, 0.000000, 0.000000
0.000000, 0.000000, 0.000000, 54.130000,   54, 0.000000, 0.000000, 0.000000
0.000000, 0.000000, 0.000000, 54.140000,   54, 0.000000, 0.000000, 0.000000
0.000000, 0.000000, 0.000000, 54.150000,   54, 0.000000, 0.000000, 0.000000
0.000000, 0.000000, 0.000000, 54.160000,   54, 0.000000, 0.000000, 0.000000
0.000000, 0.000000, 0.000000, 54.170000,   54, 0.000000, 0.000000, 0.000000
0.000000, 0.000000, 0.000000, 54.180000,   54, 0.000000, 0.000000, 0.000000
0.000000, 0.000000, 0.000000, 54.190000,   54, 0.000000, 0.000000, 0.000000
0.000000, 0.000000, 0.000000, 54.200000,   54, 0.000000, 0.000000, 0.000000
0.000000, 0.000000, 0.000000, 54.210000,   54, 0.000000, 0.000000, 0.000000
0.000000, 0.000000, 0.000000, 54.220000,   54, 0.000000, 0.000000, 0.000000
0.000000, 0.000000, 0.000000, 54.230000,   54, 0.000000, 0.000000, 0.000000
0.000000, 0.000000, 0.000000, 54.240000,   54, 0.000000, 0.000000, 0.000000
0.000000, 0.000000, 0.000000, 54.250000,   54, 0.000000, 0.000000, 0.000000
0.000000, 0.000000, 0.000000, 54.260000,   54, 0.000000, 0.000000, 0.000000
0.000000, 0.000000, 0.000000, 54.270000,   54, 0.000000, 0.000000, 0.000000
0.000000, 0.000000, 0.000000, 54.280000,   54, 0.000000, 0.000000, 0.000000
0.000000, 0.000000, 0.000000, 54.290000,   54, 0.000000, 0.000000, 0.000000
0.000000, 0.000000, 0.000000, 54.300000,   54, 0.000000, 0.000000, 0.000000
0.000000, 0.000000, 0.000000, 54.310000,   54, 0.000000, 0.000000, 0.000000
0.000000, 0.000000, 0.000000, 54.320000,   54, 0.000000, 0.000000, 0.000000
0.000000, 0.000000, 0.000000, 54.330000,   54, 0.000000, 0.000000, 0.000000
0.000000, 0.000000, 0.000000, 54.340000,   54, 0.000000, 0.000000, 0.000000
0.000000, 0.000000, 0.000000, 54.350000,   54, 0.000000, 0.000000, 0.000000
0.000000, 0.000000, 0.000000, 54.360000,   54, 0.000000, 0.000000, 0.000000
0.000000, 0.000000, 0.000000, 54.370000,   54, 0.000000, 0.000000, 0.000000
0.000000, 0.000000, 0.000000, 54.380000,   54, 0.000000, 0.000000, 0.000000
0.000000, 0.000000, 0.000000, 54.390000,   54, 0.000000, 0.000000, 0.000000
0.000000, 0.000000, 0.000000, 54.400000,   54, 0.000000, 0.000000, 0.000000
0.000000, 0.000000, 0.000000, 54.410000,   54, 0.000000, 0.000000, 0.000000
0.000000, 0.000000, 0.000000, 54.420000,   54, 0.000000, 0.000000, 0.000000
0.000000, 0.000000, 0.000000, 54.430000,   54, 0.000000, 0.000000, 0.000000
0.000000, 0.000000, 0.000000, 54.440000,   54, 0.000000, 0.000000, 0.000000
0.000000, 0.000000, 0.000000, 54.450000,   54, 0.000000, 0.000000, 0.000000
0.000000, 0.000000, 0.000000, 54.460000,   54, 0.000000, 0.000000, 0.000000
0.000000, 0.000000, 0.000000, 54.470000,   54, 0.000000, 0.000000, 0.000000
0.000000, 0.000000, 0.000000, 54.480000,   54, 0.000000, 0.000000, 0.000000
0.000000, 0.000000, 0.000000, 54.490000,   54, 0.000000, 0.000000, 0.000000
0.000000, 0.000000, 0.000000, 54.500000,   54, 0.000000, 0.000000, 0.000000
0.000000, 0.000000, 0.000000, 54.510000,   54, 0.000000, 0.000000, 0.000000
0.000000, 0.000000, 0.000000, 54.520000,   54, 0.000000, 0.000000, 0.000000
0.000000, 0.000000, 0.000000, 54.530000,   54, 0.000000, 0.000000, 0.000000
0.000000, 0.000000, 0.000000, 54.540000,   54, 0.000000, 0.000000, 0.000000
0.000000, 0.000000, 0.000000, 54.550000,   54, 0.000000, 0.000000, 0.000000
0.000000, 0.000000, 0.000000, 54.560000,   54, 0.000000, 0.000000, 0.000000
0.000000, 0.000000, 0.000000, 54.570000,   54, 0.000000, 0.000000, 0.000000
0.000000, 0.000000, 0.000000, 54.580000,   54, 0.000000, 0.000000, 0.000000
0.000000, 0.000000, 0.000000, 54.590000,   54, 0.000000, 0.000000, 0.000000
0.000000, 0.000000, 0.000000, 54.600000,   54, 0.000000, 0.000000, 0.000000
0.000000, 0.000000, 0.000000, 54.610000,   54, 0.000000, 0.000000, 0.000000
0.000000, 0.000000, 0.000000, 54.620000,   54, 0.000000, 0.000000, 0.000000
0.000000, 0.000000, 0.000000, 54.630000,   54, 0.000000, 0.000000, 0.000000
0.000000, 0.000000, 0.000000, 54.640000,   54, 0.000000, 0.000000, 0.000000
0.000000, 0.000000, 0.000000, 54.650000,   54, 0.000000, 0.000000, 0.000000
0.000000, 0.000000, 0.000000, 54.660000,   54, 0.000000, 0.000000, 0.000000
0.000000, 0.000000, 0.000000, 54.670000,   54, 0.000000, 0.000000, 0.000000
0.000000, 0.000000, 0.000000, 54.680000,   54, 0.000000, 0.000000, 0.000000
0.000000, 0.000000, 0.000000, 54.690000,   54, 0.000000, 0.000000, 0.000000
0.000000, 0.000000, 0.000000, 54.700000,   54, 0.000000, 0.000000, 0.000000
0.000000, 0.000000, 0.000000, 54.710000,   54, 0.000000, 0.000000, 0.000000
0.000000, 0.000000, 0.000000, 54.720000,   54, 0.000000, 0.000000, 0.000000
0.000000, 0.000000, 0.000000, 54.730000,   54, 0.000000, 0.000000, 0.000000
0.000000, 0.000000, 0.000000, 54.740000,   54, 0.000000, 0.000000, 0.000000
0.000000, 0.000000, 0.000000, 54.750000,   54, 0.000000, 0.000000, 0.000000
0.000000, 0.000000, 0.000000, 54.760000,   54, 0.000000, 0.000000, 0.000000
0.000000, 0.000000, 0.000000, 54.770000,   54, 0.000000, 0.000000, 0.000000
0.000000, 0.000000, 0.000000, 54.780000,   54, 0.000000, 0.000000, 0.000000
0.000000, 0.000000, 0.000000, 54.790000,   54, 0.000000, 0.000000, 0.000000
0.000000, 0.000000, 0.000000, 54.800000,   54, 0.000000, 0.000000, 0.000000
0.000000, 0.000000, 0.000000, 54.810000,   54, 0.000000, 0.000000, 0.000000
0.000000, 0.000000, 0.000000, 54.820000,   54, 0.000000, 0.000000, 0.000000
0.000000, 0.000000, 0.000000, 54.830000,   54, 0.000000, 0.000000, 0.000000
0.000000, 0.000000, 0.000000, 54.840000,   54, 0.000000, 0.000000, 0.000000
0.000000, 0.000000, 0.000000, 54.850000,   54, 0.000000, 0.000000, 0.000000
0.000000, 0.000000, 0.000000, 54.860000,   54, 0.000000, 0.000000, 0.000000
0.000000, 0.000000, 0.000000, 54.870000,   54, 0.000000, 0.000000, 0.000000
0.000000, 0.000000, 0.000000, 54.880000,   54, 0.000000, 0.000000, 0.000000
0.000000, 0.000000, 0.000000, 54.890000,   54, 0.000000, 0.000000, 0.000000
0.000000, 0.000000, 0.000000, 54.900000,   54, 0.000000, 0.000000, 0.000000
0.000000, 0.000000, 0.000000, 54.910000,   54, 0.000000, 0.000000, 0.000000
0.000000, 0.000000, 0.000000, 54.920000,   54, 0.000000, 0.000000, 0.000000
0.000000, 0.000000, 0.000000, 54.930000,   54, 0.000000, 0.000000, 0.000000
0.000000, 0.000000, 0.000000, 54.940000,   54, 0.000000, 0.000000, 0.000000
0.000000, 0.000000, 0.000000, 54.950000,   54, 0.000000, 0.000000, 0.000000
0.000000, 0.000000, 0.000000, 54.960000,   54, 0.000000, 0.000000, 0.000000
0.000000, 0.000000, 0.000000, 54.970000,   54, 0.000000, 0.000000, 0.000000
0.000000, 0.000000, 0.000000, 54.980000,   54, 0.000000, 0.000000, 0.000000
0.000000, 0.000000, 0.000000, 54.990000,   54, 0.000000, 0.000000, 0.000000
0.000000, 0.000000, 0.000000, 55.000000,   55, -0.025534, -0.059521, -0.041962
-0.000085, -0.000149, -0.000084, 55.010000,   55, -0.025534, -0.059521, -0.041962
-0.000171, -0.000297, -0.000168, 55.020000,   55, -0.025534, -0.059521, -0.041962
-0.000256, -0.000446, -0.000252, 55.030000,   55, -0.025534, -0.059521, -0.041962
-0.000341, -0.000594, -0.000336, 55.040000,   55, -0.025534, -0.059521, -0.041962
-0.000427, -0.000743, -0.000420, 55.050000,   55, -0.025534, -0.059521, -0.041962
-0.000512, -0.000892, -0.000504, 55.060000,   55, -0.025534, -0.059521, -0.041962
-0.000597, -0.001040, -0.000588, 55.070000,   55, -0.025534, -0.059521, -0.041962
-0.000683, -0.001189, -0.000672, 55.080000,   55, -0.025534, -0.059521, -0.041962
-0.000768, -0.001337, -0.000757, 55.090000,   55, -0.025534, -0.059521, -0.041962
-0.000854, -0.001486, -0.000841, 55.100000,   55, -0.025534, -0.059521, -0.041962
-0.000939, -0.001635, -0.000925, 55.110000,   55, -0.025534, -0.059521, -0.041962
-0.001024, -0.001783, -0.001009, 55.120000,   55, -0.025534, -0.059521, -0.041962
-0.001110, -0.001932, -0.001093, 55.130000,   55, -0.025534, -0.059521, -0.041962
-0.001195, -0.002080, -0.001177, 55.140000,   55, -0.025534, -0.059521, -0.041962
-0.001281, -0.002229, -0.001261, 55.150000,   55, -0.025534, -0.059521, -0.041962
-0.001366, -0.002378, -0.001345, 55.160000,   55, -0.025534, -0.059521, -0.041962
-0.001452, -0.002526, -0.001429, 55.170000,   55, -0.025534, -0.059521, -0.041962
-0.001537, -0.002675, -0.001513, 55.180000,   55, -0.025534, -0.059521, -0.041962
-0.001623, -0.002823, -0.001597, 55.190000,   55, -0.025534, -0.059521, -0.041962
-0.001708, -0.002972, -0.001682, 55.200000,   55, -0.025534, -0.059521, -0.041962
-0.001794, -0.003120, -0.001766, 55.210000,   55, -0.025534, -0.059521, -0.041962
-0.001880, -0.003269, -0.001850, 55.220000,   55, -0.025534, -0.059521, -0.041962
-0.001965, -0.003417, -0.001934, 55.230000,   55, -0.025534, -0.059521, -0.041962
-0.002051, -0.003566, -0.002018, 55.240000,   55, -0.025534, -0.059521, -0.041962
-0.002136, -0.003714, -0.002102, 55.250000,   55, -0.025534, -0.059521, -0.041962
-0.002222, -0.003863, -0.002186, 55.260000,   55, -0.025534, -0.059521, -0.041962
-0.002308, -0.004011, -0.002270, 55.270000,   55, -0.025534, -0.059521, -0.041962
-0.002394, -0.004160, -0.002354, 55.280000,   55, -0.025534, -0.059521, -0.041962
-0.002479, -0.004308, -0.002439, 55.290000,   55, -0.025534, -0.059521, -0.041962
-0.002565, -0.004457, -0.002523, 55.300000,   55, -0.025534, -0.059521, -0.041962
-0.002651, -0.004605, -0.002607, 55.310000,   55, -0.025534, -0.059521, -0.041962
-0.002737, -0.004754, -0.002691, 55.320000,   55, -0.025534, -0.059521, -0.041962
-0.002823, -0.004902, -0.002775, 55.330000,   55, -0.025534, -0.059521, -0.041962
-0.002909, -0.005051, -0.002859, 55.340000,   55, -0.025534, -0.059521, -0.041962
-0.002995, -0.005199, -0.002943, 55.350000,   55, -0.025534, -0.059521, -0.041962
-0.003081, -0.005348, -0.003028, 55.360000,   55, -0.025534, -0.059521, -0.041962
-0.003167, -0.005496, -0.003112, 55.370000,   55, -0.025534, -0.059521, -0.041962
-0.003253, -0.005645, -0.003196, 55.380000,   55, -0.025534, -0.059521, -0.041962
-0.003339, -0.005793, -0.003280, 55.390000,   55, -0.025534, -0.059521, -0.041962
-0.003425, -0.005942, -0.003364, 55.400000,   55, -0.025534, -0.059521, -0.041962
-0.003511, -0.006090, -0.003449, 55.410000,   55, -0.025534, -0.059521, -0.041962
-0.003597, -0.006239, -0.003533, 55.420000,   55, -0.025534, -0.059521, -0.041962
-0.003684, -0.006387, -0.003617, 55.430000,   55, -0.025534, -0.059521, -0.041962
-0.003770, -0.006535, -0.003701, 55.440000,   55, -0.025534, -0.059521, -0.041962
-0.003856, -0.006684, -0.003785, 55.450000,   55, -0.025534, -0.059521, -0.041962
-0.003943, -0.006832, -0.003869, 55.460000,   55, -0.025534, -0.059521, -0.041962
-0.004029, -0.006981, -0.003954, 55.470000,   55, -0.025534, -0.059521, -0.041962
-0.004115, -0.007129, -0.004038, 55.480000,   55, -0.025534, -0.059521, -0.041962
-0.004202, -0.007277, -0.004122, 55.490000,   55, -0.025534, -0.059521, -0.041962
-0.004288, -0.007426, -0.004206, 55.500000,   55, -0.025534, -0.059521, -0.041962
-0.004375, -0.007574, -0.004291, 55.510000,   55, -0.025534, -0.059521, -0.041962
-0.004462, -0.007723, -0.004375, 55.520000,   55, -0.025534, -0.059521, -0.041962
-0.004548, -0.007871, -0.004459, 55.530000,   55, -0.025534, -0.059521, -0.041962
-0.004635, -0.008019, -0.004543, 55.540000,   55, -0.025534, -0.059521, -0.041962
-0.004722, -0.008168, -0.004627, 55.550000,   55, -0.025534, -0.059521, -0.041962
-0.004809, -0.008316, -0.004712, 55.560000,   55, -0.025534, -0.059521, -0.041962
-0.004896, -0.008464, -0.004796, 55.570000,   55, -0.025534, -0.059521, -0.041962
-0.004982, -0.008613, -0.004880, 55.580000,   55, -0.025534, -0.059521, -0.041962
-0.005069, -0.008761, -0.004964, 55.590000,   55, -0.025534, -0.059521, -0.041962
-0.005156, -0.008909, -0.005049, 55.600000,   55, -0.025534, -0.059521, -0.041962
-0.005244, -0.009058, -0.005133, 55.610000,   55, -0.025534, -0.059521, -0.041962
-0.005331, -0.009206, -0.005217, 55.620000,   55, -0.025534, -0.059521, -0.041962
-0.005418, -0.009354, -0.005302, 55.630000,   55, -0.025534, -0.059521, -0.041962
-0.005505, -0.009503, -0.005386, 55.640000,   55, -0.025534, -0.059521, -0.041962
-0.005592, -0.009651, -0.005470, 55.650000,   55, -0.025534, -0.059521, -0.041962
-0.005680, -0.009799, -0.005554, 55.660000,   55, -0.025534, -0.059521, -0.041962
-0.005767, -0.009947, -0.005639, 55.670000,   55, -0.025534, -0.059521, -0.041962
-0.005855, -0.010096, -0.005723, 55.680000,   55, -0.025534, -0.059521, -0.041962
-0.005942, -0.010244, -0.005807, 55.690000,   55, -0.025534, -0.059521, -0.041962
-0.006030, -0.010392, -0.005892, 55.700000,   55, -0.025534, -0.059521, -0.041962
-0.006118, -0.010540, -0.005976, 55.710000,   55, -0.025534, -0.059521, -0.041962
-0.006205, -0.010689, -0.006060, 55.720000,   55, -0.025534, -0.059521, -0.041962
-0.006293, -0.010837, -0.006145, 55.730000,   55, -0.025534, -0.059521, -0.041962
-0.006381, -0.010985, -0.006229, 55.740000,   55, -0.025534, -0.059521, -0.041962
-0.006469, -0.011133, -0.006313, 55.750000,   55, -0.025534, -0.059521, -0.041962
-0.006557, -0.011282, -0.006398, 55.760000,   55, -0.025534, -0.059521, -0.041962
-0.006645, -0.011430, -0.006482, 55.770000,   55, -0.025534, -0.059521, -0.041962
-0.006733, -0.011578, -0.006566, 55.780000,   55, -0.025534, -0.059521, -0.041962
-0.006821, -0.011726, -0.006651, 55.790000,   55, -0.025534, -0.059521, -0.041962
-0.006910, -0.011874, -0.006735, 55.800000,   55, -0.025534, -0.059521, -0.041962
-0.006998, -0.012023, -0.006819, 55.810000,   55, -0.025534, -0.059521, -0.041962
-0.007086, -0.012171, -0.006904, 55.820000,   55, -0.025534, -0.059521, -0.041962
-0.007175, -0.012319, -0.006988, 55.830000,   55, -0.025534, -0.059521, -0.041962
-0.007263, -0.012467, -0.007073, 55.840000,   55, -0.025534, -0.059521, -0.041962
-0.007352, -0.012615, -0.007157, 55.850000,   55, -0.025534, -0.059521, -0.041962
-0.007441, -0.012763, -0.007241, 55.860000,   55, -0.025534, -0.059521, -0.041962
-0.007530, -0.012911, -0.007326, 55.870000,   55, -0.025534, -0.059521, -0.041962
-0.007618, -0.013059, -0.007410, 55.880000,   55, -0.025534, -0.059521, -0.041962
-0.007707, -0.013208, -0.007495, 55.890000,   55, -0.025534, -0.059521, -0.041962
-0.007796, -0.013356, -0.007579, 55.900000,   55, -0.025534, -0.059521, -0.041962
-0.007886, -0.013504, -0.007663, 55.910000,   55, -0.025534, -0.059521, -0.041962
-0.007975, -0.013652, -0.007748, 55.920000,   55, -0.025534, -0.059521, -0.041962
-0.008064, -0.013800, -0.007832, 55.930000,   55, -0.025534, -0.059521, -0.041962
-0.008153, -0.013948, -0.007917, 55.940000,   55, -0.025534, -0.059521, -0.041962
-0.008243, -0.014096, -0.008001, 55.950000,   55, -0.025534, -0.059521, -0.041962
-0.008332, -0.014244, -0.008086, 55.960000,   55, -0.025534, -0.059521, -0.041962
-0.008422, -0.014392, -0.008170, 55.970000,   55, -0.025534, -0.059521, -0.041962
-0.008512, -0.014540, -0.008255, 55.980000,   55, -0.025534, -0.059521, -0.041962
-0.008601, -0.014688, -0.008339, 55.990000,   55, -0.025534, -0.059521, -0.041962
-0.008691, -0.014836, -0.008424, 56.000000,   56, -0.008260, 0.014845, 0.016951
-0.008717, -0.014799, -0.008390, 56.010000,   56, -0.008260, 0.014845, 0.016951
-0.008743, -0.014762, -0.008356, 56.020000,   56, -0.008260, 0.014845, 0.016951
-0.008769, -0.014724, -0.008322, 56.030000,   56, -0.008260, 0.014845, 0.016951
-0.008795, -0.014687, -0.008289, 56.040000,   56, -0.008260, 0.014845, 0.016951
-0.008821, -0.014650, -0.008255, 56.050000,   56, -0.008260, 0.014845, 0.016951
-0.008847, -0.014612, -0.008221, 56.060000,   56, -0.008260, 0.014845, 0.016951
-0.008873, -0.014575, -0.008187, 56.070000,   56, -0.008260, 0.014845, 0.016951
-0.008899, -0.014538, -0.008154, 56.080000,   56, -0.008260, 0.014845, 0.016951
-0.008925, -0.014500, -0.008120, 56.090000,   56, -0.008260, 0.014845, 0.016951
-0.008951, -0.014463, -0.008086, 56.100000,   56, -0.008260, 0.014845, 0.016951
-0.008977, -0.014426, -0.008052, 56.110000,   56, -0.008260, 0.014845, 0.016951
-0.009003, -0.014388, -0.008019, 56.120000,   56, -0.008260, 0.014845, 0.016951
-0.009028, -0.014351, -0.007985, 56.130000,   56, -0.008260, 0.014845, 0.016951
-0.009054, -0.014314, -0.007951, 56.140000,   56, -0.008260, 0.014845, 0.016951
-0.009080, -0.014277, -0.007917, 56.150000,   56, -0.008260, 0.014845, 0.016951
-0.009105, -0.014239, -0.007884, 56.160000,   56, -0.008260, 0.014845, 0.016951
-0.009131, -0.014202, -0.007850, 56.170000,   56, -0.008260, 0.014845, 0.016951
-0.009157, -0.014165, -0.007816, 56.180000,   56, -0.008260, 0.014845, 0.016951
-0.009182, -0.014127, -0.007783, 56.190000,   56, -0.008260, 0.014845, 0.016951
-0.009208, -0.014090, -0.007749, 56.200000,   56, -0.008260, 0.014845, 0.016951
-0.009233, -0.014053, -0.007715, 56.210000,   56, -0.008260, 0.014845, 0.016951
-0.009259, -0.014015, -0.007681, 56.220000,   56, -0.008260, 0.014845, 0.016951
-0.009284, -0.013978, -0.007648, 56.230000,   56, -0.008260, 0.014845, 0.016951
-0.009309, -0.013941, -0.007614, 56.240000,   56, -0.008260, 0.014845, 0.016951
-0.009335, -0.013904, -0.007580, 56.250000,   56, -0.008260, 0.014845, 0.016951
-0.009360, -0.013866, -0.007546, 56.260000,   56, -0.008260, 0.014845, 0.016951
-0.009385, -0.013829, -0.007513, 56.270000,   56, -0.008260, 0.014845, 0.016951
-0.009411, -0.013792, -0.007479, 56.280000,   56, -0.008260, 0.014845, 0.016951
-0.009436, -0.013754, -0.007445, 56.290000,   56, -0.008260, 0.014845, 0.016951
-0.009461, -0.013717, -0.007411, 56.300000,   56, -0.008260, 0.014845, 0.016951
-0.009486, -0.013680, -0.007378, 56.310000,   56, -0.008260, 0.014845, 0.016951
-0.009511, -0.013642, -0.007344, 56.320000,   56, -0.008260, 0.014845, 0.016951
-0.009537, -0.013605, -0.007310, 56.330000,   56, -0.008260, 0.014845, 0.016951
-0.009562, -0.013568, -0.007276, 56.340000,   56, -0.008260, 0.014845, 0.016951
-0.009587, -0.013531, -0.007243, 56.350000,   56, -0.008260, 0.014845, 0.016951
-0.009612, -0.013493, -0.007209, 56.360000,   56, -0.008260, 0.014845, 0.016951
-0.009637, -0.013456, -0.007175, 56.370000,   56, -0.008260, 0.014845, 0.016951
-0.009662, -0.013419, -0.007142, 56.380000,   56, -0.008260, 0.014845, 0.016951
-0.009687, -0.013381, -0.007108, 56.390000,   56, -0.008260, 0.014845, 0.016951
-0.009712, -0.013344, -0.007074, 56.400000,   56, -0.008260, 0.014845, 0.016951
-0.009736, -0.013307, -0.007040, 56.410000,   56, -0.008260, 0.014845, 0.016951
-0.009761, -0.013270, -0.007007, 56.420000,   56, -0.008260, 0.014845, 0.016951
-0.009786, -0.013232, -0.006973, 56.430000,   56, -0.008260, 0.014845, 0.016951
-0.009811, -0.013195, -0.006939, 56.440000,   56, -0.008260, 0.014845, 0.016951
-0.009836, -0.013158, -0.006905, 56.450000,   56, -0.008260, 0.014845, 0.016951
-0.009860, -0.013121, -0.006872, 56.460000,   56, -0.008260, 0.014845, 0.016951
-0.009885, -0.013083, -0.006838, 56.470000,   56, -0.008260, 0.014845, 0.016951
-0.009910, -0.013046, -0.006804, 56.480000,   56, -0.008260, 0.014845, 0.016951
-0.009934, -0.013009, -0.006770, 56.490000,   56, -0.008260, 0.014845, 0.016951
-0.009959, -0.012971, -0.006737, 56.500000,   56, -0.008260, 0.014845, 0.016951
-0.009983, -0.012934, -0.006703, 56.510000,   56, -0.008260, 0.014845, 0.016951
-0.010008, -0.012897, -0.006669, 56.520000,   56, -0.008260, 0.014845, 0.016951
-0.010032, -0.012860, -0.006635, 56.530000,   56, -0.008260, 0.014845, 0.016951
-0.010057, -0.012822, -0.006602, 56.540000,   56, -0.008260, 0.014845, 0.016951
-0.010081, -0.012785, -0.006568, 56.550000,   56, -0.008260, 0.014845, 0.016951
-0.010106, -0.012748, -0.006534, 56.560000,   56, -0.008260, 0.014845, 0.016951
-0.010130, -0.012711, -0.006500, 56.570000,   56, -0.008260, 0.014845, 0.016951
-0.010155, -0.012673, -0.006467, 56.580000,   56, -0.008260, 0.014845, 0.016951
-0.010179, -0.012636, -0.006433, 56.590000,   56, -0.008260, 0.014845, 0.016951
-0.010203, -0.012599, -0.006399, 56.600000,   56, -0.008260, 0.014845, 0.016951
-0.010227, -0.012561, -0.006365, 56.610000,   56, -0.008260, 0.014845, 0.016951
-0.010252, -0.012524, -0.006332, 56.620000,   56, -0.008260, 0.014845, 0.016951
-0.010276, -0.012487, -0.006298, 56.630000,   56, -0.008260, 0.014845, 0.016951
-0.010300, -0.012450, -0.006264, 56.640000,   56, -0.008260, 0.014845, 0.016951
-0.010324, -0.012412, -0.006230, 56.650000,   56, -0.008260, 0.014845, 0.016951
-0.010348, -0.012375, -0.006197, 56.660000,   56, -0.008260, 0.014845, 0.016951
-0.010372, -0.012338, -0.006163, 56.670000,   56, -0.008260, 0.014845, 0.016951
-0.010397, -0.012301, -0.006129, 56.680000,   56, -0.008260, 0.014845, 0.016951
-0.010421, -0.012263, -0.006095, 56.690000,   56, -0.008260, 0.014845, 0.016951
-0.010445, -0.012226, -0.006062, 56.700000,   56, -0.008260, 0.014845, 0.016951
-0.010469, -0.012189, -0.006028, 56.710000,   56, -0.008260, 0.014845, 0.016951
-0.010492, -0.012152, -0.005994, 56.720000,   56, -0.008260, 0.014845, 0.016951
-0.010516, -0.012114, -0.005960, 56.730000,   56, -0.008260, 0.014845, 0.016951
-0.010540, -0.012077, -0.005927, 56.740000,   56, -0.008260, 0.014845, 0.016951
-0.010564, -0.012040, -0.005893, 56.750000,   56, -0.008260, 0.014845, 0.016951
-0.010588, -0.012003, -0.005859, 56.760000,   56, -0.008260, 0.014845, 0.016951
-0.010612, -0.011965, -0.005825, 56.770000,   56, -0.008260, 0.014845, 0.016951
-0.010636, -0.011928, -0.005792, 56.780000,   56, -0.008260, 0.014845, 0.016951
-0.010659, -0.011891, -0.005758, 56.790000,   56, -0.008260, 0.014845, 0.016951
-0.010683, -0.011854, -0.005724, 56.800000,   56, -0.008260, 0.014845, 0.016951
-0.010707, -0.011816, -0.005690, 56.810000,   56, -0.008260, 0.014845, 0.016951
-0.010730, -0.011779, -0.005657, 56.820000,   56, -0.008260, 0.014845, 0.016951
-0.010754, -0.011742, -0.005623, 56.830000,   56, -0.008260, 0.014845, 0.016951
-0.010778, -0.011705, -0.005589, 56.840000,   56, -0.008260, 0.014845, 0.016951
-0.010801, -0.011668, -0.005555, 56.850000,   56, -0.008260, 0.014845, 0.016951
-0.010825, -0.011630, -0.005522, 56.860000,   56, -0.008260, 0.014845, 0.016951
-0.010848, -0.011593, -0.005488, 56.870000,   56, -0.008260, 0.014845, 0.016951
-0.010872, -0.011556, -0.005454, 56.880000,   56, -0.008260, 0.014845, 0.016951
-0.010895, -0.011519, -0.005420, 56.890000,   56, -0.008260, 0.014845, 0.016951
-0.010919, -0.011481, -0.005387, 56.900000,   56, -0.008260, 0.014845, 0.016951
-0.010942, -0.011444, -0.005353, 56.910000,   56, -0.008260, 0.014845, 0.016951
-0.010965, -0.011407, -0.005319, 56.920000,   56, -0.008260, 0.014845, 0.016951
-0.010989, -0.011370, -0.005285, 56.930000,   56, -0.008260, 0.014845, 0.016951
-0.011012, -0.011332, -0.005252, 56.940000,   56, -0.008260, 0.014845, 0.016951
-0.011035, -0.011295, -0.005218, 56.950000,   56, -0.008260, 0.014845, 0.016951
-0.011059, -0.011258, -0.005184, 56.960000,   56, -0.008260, 0.014845, 0.016951
-0.011082, -0.011221, -0.005150, 56.970000,   56, -0.008260, 0.014845, 0.016951
-0.011105, -0.011184, -0.005116, 56.980000,   56, -0.008260, 0.014845, 0.016951
-0.011128, -0.011146, -0.005083, 56.990000,   56, -0.008260, 0.014845, 0.016951
-0.011152, -0.011109, -0.005049, 57.000000,   57, -0.003488, -0.003403, -0.006900
-0.011165, -0.011117, -0.005063, 57.010000,   57, -0.003488, -0.003403, -0.006900
-0.011179, -0.011126, -0.005077, 57.020000,   57, -0.003488, -0.003403, -0.006900
-0.011192, -0.011134, -0.005091, 57.030000,   57, -0.003488, -0.003403, -0.006900
-0.011206, -0.011142, -0.005105, 57.040000,   57, -0.003488, -0.003403, -0.006900
-0.011220, -0.011150, -0.005119, 57.050000,   57, -0.003488, -0.003403, -0.006900
-0.011233, -0.011159, -0.005133, 57.060000,   57, -0.003488, -0.003403, -0.006900
-0.011247, -0.011167, -0.005147, 57.070000,   57, -0.003488, -0.003403, -0.006900
-0.011261, -0.011175, -0.005161, 57.080000,   57, -0.003488, -0.003403, -0.006900
-0.011275, -0.011183, -0.005175, 57.090000,   57, -0.003488, -0.003403, -0.006900
-0.011288, -0.011192, -0.005189, 57.100000,   57, -0.003488, -0.003403, -0.006900
-0.011302, -0.011200, -0.005203, 57.110000,   57, -0.003488, -0.003403, -0.006900
-0.011316, -0.011208, -0.005217, 57.120000,   57, -0.003488, -0.003403, -0.006900
-0.011330, -0.011216, -0.005231, 57.130000,   57, -0.003488, -0.003403, -0.006900
-0.011343, -0.011225, -0.005245, 57.140000,   57, -0.003488, -0.003403, -0.006900
-0.011357, -0.011233, -0.005259, 57.150000,   57, -0.003488, -0.003403, -0.006900
-0.011371, -0.011241, -0.005273, 57.160000,   57, -0.003488, -0.003403, -0.006900
-0.011385, -0.011249, -0.005287, 57.170000,   57, -0.003488, -0.003403, -0.006900
-0.011399, -0.011258, -0.005301, 57.180000,   57, -0.003488, -0.003403, -0.006900
-0.011413, -0.011266, -0.005315, 57.190000,   57, -0.003488, -0.003403, -0.006900
-0.011426, -0.011274, -0.005329, 57.200000,   57, -0.003488, -0.003403, -0.006900
-0.011440, -0.011282, -0.005343, 57.210000,   57, -0.003488, -0.003403, -0.006900
-0.011454, -0.011291, -0.005357, 57.220000,   57, -0.003488, -0.003403, -0.006900
-0.011468, -0.011299, -0.005371, 57.230000,   57, -0.003488, -0.003403, -0.006900
-0.011482, -0.011307, -0.005385, 57.240000,   57, -0.003488, -0.003403, -0.006900
-0.011496, -0.011315, -0.005399, 57.250000,   57, -0.003488, -0.003403, -0.006900
-0.011510, -0.011324, -0.005413, 57.260000,   57, -0.003488, -0.003403, -0.006900
-0.011524, -0.011332, -0.005427, 57.270000,   57, -0.003488, -0.003403, -0.006900
-0.011538, -0.011340, -0.005441, 57.280000,   57, -0.003488, -0.003403, -0.006900
-0.011552, -0.011348, -0.005455, 57.290000,   57, -0.003488, -0.003403, -0.006900
-0.011566, -0.011357, -0.005469, 57.300000,   57, -0.003488, -0.003403, -0.006900
-0.011580, -0.011365, -0.005483, 57.310000,   57, -0.003488, -0.003403, -0.006900
-0.011594, -0.011373, -0.005497, 57.320000,   57, -0.003488, -0.003403, -0.006900
-0.011608, -0.011381, -0.005511, 57.330000,   57, -0.003488, -0.003403, -0.006900
-0.011622, -0.011390, -0.005525, 57.340000,   57, -0.003488, -0.003403, -0.006900
-0.011636, -0.011398, -0.005539, 57.350000,   57, -0.003488, -0.003403, -0.006900
-0.011650, -0.011406, -0.005553, 57.360000,   57, -0.003488, -0.003403, -0.006900
-0.011664, -0.011414, -0.005567, 57.370000,   57, -0.003488, -0.003403, -0.006900
-0.011678, -0.011422, -0.005581, 57.380000,   57, -0.003488, -0.003403, -0.006900
-0.011692, -0.011431, -0.005595, 57.390000,   57, -0.003488, -0.003403, -0.006900
-0.011706, -0.011439, -0.005609, 57.400000,   57, -0.003488, -0.003403, -0.006900
-0.011720, -0.011447, -0.005623, 57.410000,   57, -0.003488, -0.003403, -0.006900
-0.011734, -0.011455, -0.005637, 57.420000,   57, -0.003488, -0.003403, -0.006900
-0.011748, -0.011464, -0.005651, 57.430000,   57, -0.003488, -0.003403, -0.006900
-0.011762, -0.011472, -0.005665, 57.440000,   57, -0.003488, -0.003403, -0.006900
-0.011777, -0.011480, -0.005679, 57.450000,   57, -0.003488, -0.003403, -0.006900
-0.011791, -0.011488, -0.005693, 57.460000,   57, -0.003488, -0.003403, -0.006900
-0.011805, -0.011496, -0.005707, 57.470000,   57, -0.003488, -0.003403, -0.006900
-0.011819, -0.011505, -0.005721, 57.480000,   57, -0.003488, -0.003403, -0.006900
-0.011833, -0.011513, -0.005735, 57.490000,   57, -0.003488, -0.003403, -0.006900
-0.011848, -0.011521, -0.005749, 57.500000,   57, -0.003488, -0.003403, -0.006900
-0.011862, -0.011529, -0.005763, 57.510000,   57, -0.003488, -0.003403, -0.006900
-0.011876, -0.011538, -0.005777, 57.520000,   57, -0.003488, -0.003403, -0.006900
-0.011890, -0.011546, -0.005791, 57.530000,   57, -0.003488, -0.003403, -0.006900
-0.011905, -0.011554, -0.005805, 57.540000,   57, -0.003488, -0.003403, -0.006900
-0.011919, -0.011562, -0.005819, 57.550000,   57, -0.003488, -0.003403, -0.006900
-0.011933, -0.011570, -0.005833, 57.560000,   57, -0.003488, -0.003403, -0.006900
-0.011947, -0.011579, -0.005847, 57.570000,   57, -0.003488, -0.003403, -0.006900
-0.011962, -0.011587, -0.005861, 57.580000,   57, -0.003488, -0.003403, -0.006900
-0.011976, -0.011595, -0.005875, 57.590000,   57, -0.003488, -0.003403, -0.006900
-0.011990, -0.011603, -0.005889, 57.600000,   57, -0.003488, -0.003403, -0.006900
-0.012005, -0.011611, -0.005903, 57.610000,   57, -0.003488, -0.003403, -0.006900
-0.012019, -0.011620, -0.005917, 57.620000,   57, -0.003488, -0.003403, -0.006900
-0.012034, -0.011628, -0.005931, 57.630000,   57, -0.003488, -0.003403, -0.006900
-0.012048, -0.011636, -0.005945, 57.640000,   57, -0.003488, -0.003403, -0.006900
-0.012062, -0.011644, -0.005959, 57.650000,   57, -0.003488, -0.003403, -0.006900
-0.012077, -0.011652, -0.005973, 57.660000,   57, -0.003488, -0.003403, -0.006900
-0.012091, -0.011661, -0.005987, 57.670000,   57, -0.003488, -0.003403, -0.006900
-0.012106, -0.011669, -0.006001, 57.680000,   57, -0.003488, -0.003403, -0.006900
-0.012120, -0.011677, -0.006015, 57.690000,   57, -0.003488, -0.003403, -0.006900
-0.012135, -0.011685, -0.006029, 57.700000,   57, -0.003488, -0.003403, -0.006900
-0.012149, -0.011693, -0.006043, 57.710000,   57, -0.003488, -0.003403, -0.006900
-0.012164, -0.011702, -0.006057, 57.720000,   57, -0.003488, -0.003403, -0.006900
-0.012178, -0.011710, -0.006071, 57.730000,   57, -0.003488, -0.003403, -0.006900
-0.012193, -0.011718, -0.006085, 57.740000,   57, -0.003488, -0.003403, -0.006900
-0.012207, -0.011726, -0.006099, 57.750000,   57, -0.003488, -0.003403, -0.006900
-0.012222, -0.011734, -0.006113, 57.760000,   57, -0.003488, -0.003403, -0.006900
-0.012236, -0.011743, -0.006127, 57.770000,   57, -0.003488, -0.003403, -0.006900
-0.012251, -0.011751, -0.006141, 57.780000,   57, -0.003488, -0.003403, -0.006900
-0.012265, -0.011759, -0.006155, 57.790000,   57, -0.003488, -0.003403, -0.006900
-0.012280, -0.011767, -0.006169, 57.800000,   57, -0.003488, -0.003403, -0.006900
-0.012295, -0.011775, -0.006183, 57.810000,   57, -0.003488, -0.003403, -0.006900
-0.012309, -0.011783, -0.006197, 57.820000,   57, -0.003488, -0.003403, -0.006900
-0.012324, -0.011792, -0.006211, 57.830000,   57, -0.003488, -0.003403, -0.006900
-0.012338, -0.011800, -0.006226, 57.840000,   57, -0.003488, -0.003403, -0.006900
-0.012353, -0.011808, -0.006240, 57.850000,   57, -0.003488, -0.003403, -0.006900
-0.012368, -0.011816, -0.006254, 57.860000,   57, -0.003488, -0.003403, -0.006900
-0.012382, -0.011824, -0.006268, 57.870000,   57, -0.003488, -0.003403, -0.006900
-0.012397, -0.011833, -0.006282, 57.880000,   57, -0.003488, -0.003403, -0.006900
-0.012412, -0.011841, -0.006296, 57.890000,   57, -0.003488, -0.003403, -0.006900
-0.012427, -0.011849, -0.006310, 57.900000,   57, -0.003488, -0.003403, -0.006900
-0.012441, -0.011857, -0.006324, 57.910000,   57, -0.003488, -0.003403, -0.006900
-0.012456, -0.011865, -0.006338, 57.920000,   57, -0.003488, -0.003403, -0.006900
-0.012471, -0.011873, -0.006352, 57.930000,   57, -0.003488, -0.003403, -0.006900
-0.012486, -0.011882, -0.006366, 57.940000,   57, -0.003488, -0.003403, -0.006900
-0.012500, -0.011890, -0.006380, 57.950000,   57, -0.003488, -0.003403, -0.006900
-0.012515, -0.011898, -0.006394, 57.960000,   57, -0.003488, -0.003403, -0.006900
-0.012530, -0.011906, -0.006408, 57.970000,   57, -0.003488, -0.003403, -0.006900
-0.012545, -0.011914, -0.006422, 57.980000,   57, -0.003488, -0.003403, -0.006900
-0.012560, -0.011922, -0.006436, 57.990000,   57, -0.003488, -0.003403, -0.006900
-0.012575, -0.011931, -0.006450, 58.000000,   58, -0.000715, 0.001115, 0.002544
-0.012576, -0.011928, -0.006445, 58.010000,   58, -0.000715, 0.001115, 0.002544
-0.012578, -0.011925, -0.006440, 58.020000,   58, -0.000715, 0.001115, 0.002544
-0.012579, -0.011921, -0.006435, 58.030000,   58, -0.000715, 0.001115, 0.002544
-0.012580, -0.011918, -0.006430, 58.040000,   58, -0.000715, 0.001115, 0.002544
-0.012582, -0.011915, -0.006425, 58.050000,   58, -0.000715, 0.001115, 0.002544
-0.012583, -0.011912, -0.006421, 58.060000,   58, -0.000715, 0.001115, 0.002544
-0.012585, -0.011909, -0.006416, 58.070000,   58, -0.000715, 0.001115, 0.002544
-0.012586, -0.011906, -0.006411, 58.080000,   58, -0.000715, 0.001115, 0.002544
-0.012588, -0.011903, -0.006406, 58.090000,   58, -0.000715, 0.001115, 0.002544
-0.012589, -0.011900, -0.006401, 58.100000,   58, -0.000715, 0.001115, 0.002544
-0.012591, -0.011897, -0.006396, 58.110000,   58, -0.000715, 0.001115, 0.002544
-0.012592, -0.011894, -0.006391, 58.120000,   58, -0.000715, 0.001115, 0.002544
-0.012593, -0.011891, -0.006386, 58.130000,   58, -0.000715, 0.001115, 0.002544
-0.012595, -0.011888, -0.006381, 58.140000,   58, -0.000715, 0.001115, 0.002544
-0.012596, -0.011885, -0.006377, 58.150000,   58, -0.000715, 0.001115, 0.002544
-0.012598, -0.011882, -0.006372, 58.160000,   58, -0.000715, 0.001115, 0.002544
-0.012599, -0.011879, -0.006367, 58.170000,   58, -0.000715, 0.001115, 0.002544
-0.012601, -0.011876, -0.006362, 58.180000,   58, -0.000715, 0.001115, 0.002544
-0.012602, -0.011873, -0.006357, 58.190000,   58, -0.000715, 0.001115, 0.002544
-0.012603, -0.011870, -0.006352, 58.200000,   58, -0.000715, 0.001115, 0.002544
-0.012605, -0.011867, -0.006347, 58.210000,   58, -0.000715, 0.001115, 0.002544
-0.012606, -0.011864, -0.006342, 58.220000,   58, -0.000715, 0.001115, 0.002544
-0.012608, -0.011861, -0.006337, 58.230000,   58, -0.000715, 0.001115, 0.002544
-0.012609, -0.011858, -0.006333, 58.240000,   58, -0.000715, 0.001115, 0.002544
-0.012610, -0.011855, -0.006328, 58.250000,   58, -0.000715, 0.001115, 0.002544
-0.012612, -0.011852, -0.006323, 58.260000,   58, -0.000715, 0.001115, 0.002544
-0.012613, -0.011848, -0.006318, 58.270000,   58, -0.000715, 0.001115, 0.002544
-0.012614, -0.011845, -0.006313, 58.280000,   58, -0.000715, 0.001115, 0.002544
-0.012616, -0.011842, -0.006308, 58.290000,   58, -0.000715, 0.001115, 0.002544
-0.012617, -0.011839, -0.006303, 58.300000,   58, -0.000715, 0.001115, 0.002544
-0.012618, -0.011836, -0.006298, 58.310000,   58, -0.000715, 0.001115, 0.002544
-0.012620, -0.011833, -0.006293, 58.320000,   58, -0.000715, 0.001115, 0.002544
-0.012621, -0.011830, -0.006289, 58.330000,   58, -0.000715, 0.001115, 0.002544
-0.012622, -0.011827, -0.006284, 58.340000,   58, -0.000715, 0.001115, 0.002544
-0.012624, -0.011824, -0.006279, 58.350000,   58, -0.000715, 0.001115, 0.002544
-0.012625, -0.011821, -0.006274, 58.360000,   58, -0.000715, 0.001115, 0.002544
-0.012626, -0.011818, -0.006269, 58.370000,   58, -0.000715, 0.001115, 0.002544
-0.012628, -0.011815, -0.006264, 58.380000,   58, -0.000715, 0.001115, 0.002544
-0.012629, -0.011812, -0.006259, 58.390000,   58, -0.000715, 0.001115, 0.002544
-0.012630, -0.011809, -0.006254, 58.400000,   58, -0.000715, 0.001115, 0.002544
-0.012632, -0.011806, -0.006249, 58.410000,   58, -0.000715, 0.001115, 0.002544
-0.012633, -0.011803, -0.006245, 58.420000,   58, -0.000715, 0.001115, 0.002544
-0.012634, -0.011800, -0.006240, 58.430000,   58, -0.000715, 0.001115, 0.002544
-0.012636, -0.011797, -0.006235, 58.440000,   58, -0.000715, 0.001115, 0.002544
-0.012637, -0.011794, -0.006230, 58.450000,   58, -0.000715, 0.001115, 0.002544
-0.012638, -0.011791, -0.006225, 58.460000,   58, -0.000715, 0.001115, 0.002544
-0.012639, -0.011788, -0.006220, 58.470000,   58, -0.000715, 0.001115, 0.002544
-0.012641, -0.011785, -0.006215, 58.480000,   58, -0.000715, 0.001115, 0.002544
-0.012642, -0.011782, -0.006210, 58.490000,   58, -0.000715, 0.001115, 0.002544
-0.012643, -0.011779, -0.006205, 58.500000,   58, -0.000715, 0.001115, 0.002544
-0.012645, -0.011776, -0.006200, 58.510000,   58, -0.000715, 0.001115, 0.002544
-0.012646, -0.011773, -0.006196, 58.520000,   58, -0.000715, 0.001115, 0.002544
-0.012647, -0.011770, -0.006191, 58.530000,   58, -0.000715, 0.001115, 0.002544
-0.012648, -0.011766, -0.006186, 58.540000,   58, -0.000715, 0.001115, 0.002544
-0.012649, -0.011763, -0.006181, 58.550000,   58, -0.000715, 0.001115, 0.002544
-0.012651, -0.011760, -0.006176, 58.560000,   58, -0.000715, 0.001115, 0.002544
-0.012652, -0.011757, -0.006171, 58.570000,   58, -0.000715, 0.001115, 0.002544
-0.012653, -0.011754, -0.006166, 58.580000,   58, -0.000715, 0.001115, 0.002544
-0.012654, -0.011751, -0.006161, 58.590000,   58, -0.000715, 0.001115, 0.002544
-0.012656, -0.011748, -0.006156, 58.600000,   58, -0.000715, 0.001115, 0.002544
-0.012657, -0.011745, -0.006152, 58.610000,   58, -0.000715, 0.001115, 0.002544
-0.012658, -0.011742, -0.006147, 58.620000,   58, -0.000715, 0.001115, 0.002544
-0.012659, -0.011739, -0.006142, 58.630000,   58, -0.000715, 0.001115, 0.002544
-0.012660, -0.011736, -0.006137, 58.640000,   58, -0.000715, 0.001115, 0.002544
-0.012662, -0.011733, -0.006132, 58.650000,   58, -0.000715, 0.001115, 0.002544
-0.012663, -0.011730, -0.006127, 58.660000,   58, -0.000715, 0.001115, 0.002544
-0.012664, -0.011727, -0.006122, 58.670000,   58, -0.000715, 0.001115, 0.002544
-0.012665, -0.011724, -0.006117, 58.680000,   58, -0.000715, 0.001115, 0.002544
-0.012666, -0.011721, -0.006112, 58.690000,   58, -0.000715, 0.001115, 0.002544
-0.012668, -0.011718, -0.006108, 58.700000,   58, -0.000715, 0.001115, 0.002544
-0.012669, -0.011715, -0.006103, 58.710000,   58, -0.000715, 0.001115, 0.002544
-0.012670, -0.011712, -0.006098, 58.720000,   58, -0.000715, 0.001115, 0.002544
-0.012671, -0.011709, -0.006093, 58.730000,   58, -0.000715, 0.001115, 0.002544
-0.012672, -0.011706, -0.006088, 58.740000,   58, -0.000715, 0.001115, 0.002544
-0.012673, -0.011703, -0.006083, 58.750000,   58, -0.000715, 0.001115, 0.002544
-0.012675, -0.011700, -0.006078, 58.760000,   58, -0.000715, 0.001115, 0.002544
-0.012676, -0.011697, -0.006073, 58.770000,   58, -0.000715, 0.001115, 0.002544
-0.012677, -0.011694, -0.006068, 58.780000,   58, -0.000715, 0.001115, 0.002544
-0.012678, -0.011691, -0.006063, 58.790000,   58, -0.000715, 0.001115, 0.002544
-0.012679, -0.011688, -0.006059, 58.800000,   58, -0.000715, 0.001115, 0.002544
-0.012680, -0.011685, -0.006054, 58.810000,   58, -0.000715, 0.001115, 0.002544
-0.012681, -0.011682, -0.006049, 58.820000,   58, -0.000715, 0.001115, 0.002544
-0.012682, -0.011679, -0.006044, 58.830000,   58, -0.000715, 0.001115, 0.002544
-0.012684, -0.011676, -0.006039, 58.840000,   58, -0.000715, 0.001115, 0.002544
-0.012685, -0.011673, -0.006034, 58.850000,   58, -0.000715, 0.001115, 0.002544
-0.012686, -0.011669, -0.006029, 58.860000,   58, -0.000715, 0.001115, 0.002544
-0.012687, -0.011666, -0.006024, 58.870000,   58, -0.000715, 0.001115, 0.002544
-0.012688, -0.011663, -0.006019, 58.880000,   58, -0.000715, 0.001115, 0.002544
-0.012689, -0.011660, -0.006015, 58.890000,   58, -0.000715, 0.001115, 0.002544
-0.012690, -0.011657, -0.006010, 58.900000,   58, -0.000715, 0.001115, 0.002544
-0.012691, -0.011654, -0.006005, 58.910000,   58, -0.000715, 0.001115, 0.002544
-0.012692, -0.011651, -0.006000, 58.920000,   58, -0.000715, 0.001115, 0.002544
-0.012693, -0.011648, -0.005995, 58.930000,   58, -0.000715, 0.001115, 0.002544
-0.012694, -0.011645, -0.005990, 58.940000,   58, -0.000715, 0.001115, 0.002544
-0.012695, -0.011642, -0.005985, 58.950000,   58, -0.000715, 0.001115, 0.002544
-0.012697, -0.011639, -0.005980, 58.960000,   58, -0.000715, 0.001115, 0.002544
-0.012698, -0.011636, -0.005975, 58.970000,   58, -0.000715, 0.001115, 0.002544
-0.012699, -0.011633, -0.005971, 58.980000,   58, -0.000715, 0.001115, 0.002544
-0.012700, -0.011630, -0.005966, 58.990000,   58, -0.000715, 0.001115, 0.002544
-0.012701, -0.011627, -0.005961, 59.000000,   59, -0.000517, 0.000039, -0.001255
-0.012703, -0.011627, -0.005963, 59.010000,   59, -0.000517, 0.000039, -0.001255
-0.012706, -0.011626, -0.005966, 59.020000,   59, -0.000517, 0.000039, -0.001255
-0.012709, -0.011626, -0.005969, 59.030000,   59, -0.000517, 0.000039, -0.001255
-0.012712, -0.011626, -0.005972, 59.040000,   59, -0.000517, 0.000039, -0.001255
-0.012714, -0.011625, -0.005974, 59.050000,   59, -0.000517, 0.000039, -0.001255
-0.012717, -0.011625, -0.005977, 59.060000,   59, -0.000517, 0.000039, -0.001255
-0.012720, -0.011625, -0.005980, 59.070000,   59, -0.000517, 0.000039, -0.001255
-0.012722, -0.011624, -0.005982, 59.080000,   59, -0.000517, 0.000039, -0.001255
-0.012725, -0.011624, -0.005985, 59.090000,   59, -0.000517, 0.000039, -0.001255
-0.012728, -0.011623, -0.005988, 59.100000,   59, -0.000517, 0.000039, -0.001255
-0.012731, -0.011623, -0.005991, 59.110000,   59, -0.000517, 0.000039, -0.001255
-0.012733, -0.011623, -0.005993, 59.120000,   59, -0.000517, 0.000039, -0.001255
-0.012736, -0.011622, -0.005996, 59.130000,   59, -0.000517, 0.000039, -0.001255
-0.012739, -0.011622, -0.005999, 59.140000,   59, -0.000517, 0.000039, -0.001255
-0.012742, -0.011622, -0.006001, 59.150000,   59, -0.000517, 0.000039, -0.001255
-0.012744, -0.011621, -0.006004, 59.160000,   59, -0.000517, 0.000039, -0.001255
-0.012747, -0.011621, -0.006007, 59.170000,   59, -0.000517, 0.000039, -0.001255
-0.012750, -0.011621, -0.006009, 59.180000,   59, -0.000517, 0.000039, -0.001255
-0.012753, -0.011620, -0.006012, 59.190000,   59, -0.000517, 0.000039, -0.001255
-0.012755, -0.011620, -0.006015, 59.200000,   59, -0.000517, 0.000039, -0.001255
-0.012758, -0.011619, -0.006018, 59.210000,   59, -0.000517, 0.000039, -0.001255
-0.012761, -0.011619, -0.006020, 59.220000,   59, -0.000517, 0.000039, -0.001255
-0.012764, -0.011619, -0.006023, 59.230000,   59, -0.000517, 0.000039, -0.001255
-0.012766, -0.011618, -0.006026, 59.240000,   59, -0.000517, 0.000039, -0.001255
-0.012769, -0.011618, -0.006028, 59.250000,   59, -0.000517, 0.000039, -0.001255
-0.012772, -0.011618, -0.006031, 59.260000,   59, -0.000517, 0.000039, -0.001255
-0.012775, -0.011617, -0.006034, 59.270000,   59, -0.000517, 0.000039, -0.001255
-0.012777, -0.011617, -0.006037, 59.280000,   59, -0.000517, 0.000039, -0.001255
-0.012780, -0.011617, -0.006039, 59.290000,   59, -0.000517, 0.000039, -0.001255
-0.012783, -0.011616, -0.006042, 59.300000,   59, -0.000517, 0.000039, -0.001255
-0.012786, -0.011616, -0.006045, 59.310000,   59, -0.000517, 0.000039, -0.001255
-0.012789, -0.011615, -0.006047, 59.320000,   59, -0.000517, 0.000039, -0.001255
-0.012791, -0.011615, -0.006050, 59.330000,   59, -0.000517, 0.000039, -0.001255
-0.012794, -0.011615, -0.006053, 59.340000,   59, -0.000517, 0.000039, -0.001255
-0.012797, -0.011614, -0.006056, 59.350000,   59, -0.000517, 0.000039, -0.001255
-0.012800, -0.011614, -0.006058, 59.360000,   59, -0.000517, 0.000039, -0.001255
-0.012803, -0.011614, -0.006061, 59.370000,   59, -0.000517, 0.000039, -0.001255
-0.012805, -0.011613, -0.006064, 59.380000,   59, -0.000517, 0.000039, -0.001255
-0.012808, -0.011613, -0.006066, 59.390000,   59, -0.000517, 0.000039, -0.001255
-0.012811, -0.011612, -0.006069, 59.400000,   59, -0.000517, 0.000039, -0.001255
-0.012814, -0.011612, -0.006072, 59.410000,   59, -0.000517, 0.000039, -0.001255
-0.012817, -0.011612, -0.006075, 59.420000,   59, -0.000517, 0.000039, -0.001255
-0.012819, -0.011611, -0.006077, 59.430000,   59, -0.000517, 0.000039, -0.001255
-0.012822, -0.011611, -0.006080, 59.440000,   59, -0.000517, 0.000039, -0.001255
-0.012825, -0.011611, -0.006083, 59.450000,   59, -0.000517, 0.000039, -0.001255
-0.012828, -0.011610, -0.006085, 59.460000,   59, -0.000517, 0.000039, -0.001255
-0.012831, -0.011610, -0.006088, 59.470000,   59, -0.000517, 0.000039, -0.001255
-0.012833, -0.011610, -0.006091, 59.480000,   59, -0.000517, 0.000039, -0.001255
-0.012836, -0.011609, -0.006094, 59.490000,   59, -0.000517, 0.000039, -0.001255
-0.012839, -0.011609, -0.006096, 59.500000,   59, -0.000517, 0.000039, -0.001255
-0.012842, -0.011608, -0.006099, 59.510000,   59, -0.000517, 0.000039, -0.001255
-0.012845, -0.011608, -0.006102, 59.520000,   59, -0.000517, 0.000039, -0.001255
-0.012848, -0.011608, -0.006104, 59.530000,   59, -0.000517, 0.000039, -0.001255
-0.012850, -0.011607, -0.006107, 59.540000,   59, -0.000517, 0.000039, -0.001255
-0.012853, -0.011607, -0.006110, 59.550000,   59, -0.000517, 0.000039, -0.001255
-0.012856, -0.011607, -0.006112, 59.560000,   59, -0.000517, 0.000039, -0.001255
-0.012859, -0.011606, -0.006115, 59.570000,   59, -0.000517, 0.000039, -0.001255
-0.012862, -0.011606, -0.006118, 59.580000,   59, -0.000517, 0.000039, -0.001255
-0.012865, -0.011605, -0.006121, 59.590000,   59, -0.000517, 0.000039, -0.001255
-0.012867, -0.011605, -0.006123, 59.600000,   59, -0.000517, 0.000039, -0.001255
-0.012870, -0.011605, -0.006126, 59.610000,   59, -0.000517, 0.000039, -0.001255
-0.012873, -0.011604, -0.006129, 59.620000,   59, -0.000517, 0.000039, -0.001255
-0.012876, -0.011604, -0.006131, 59.630000,   59, -0.000517, 0.000039, -0.001255
-0.012879, -0.011604, -0.006134, 59.640000,   59, -0.000517, 0.000039, -0.001255
-0.012882, -0.011603, -0.006137, 59.650000,   59, -0.000517, 0.000039, -0.001255
-0.012885, -0.011603, -0.006140, 59.660000,   59, -0.000517, 0.000039, -0.001255
-0.012888, -0.011602, -0.006142, 59.670000,   59, -0.000517, 0.000039, -0.001255
-0.012890, -0.011602, -0.006145, 59.680000,   59, -0.000517, 0.000039, -0.001255
-0.012893, -0.011602, -0.006148, 59.690000,   59, -0.000517, 0.000039, -0.001255
-0.012896, -0.011601, -0.006150, 59.700000,   59, -0.000517, 0.000039, -0.001255
-0.012899, -0.011601, -0.006153, 59.710000,   59, -0.000517, 0.000039, -0.001255
-0.012902, -0.011601, -0.006156, 59.720000,   59, -0.000517, 0.000039, -0.001255
-0.012905, -0.011600, -0.006159, 59.730000,   59, -0.000517, 0.000039, -0.001255
-0.012908, -0.011600, -0.006161, 59.740000,   59, -0.000517, 0.000039, -0.001255
-0.012911, -0.011599, -0.006164, 59.750000,   59, -0.000517, 0.000039, -0.001255
-0.012913, -0.011599, -0.006167, 59.760000,   59, -0.000517, 0.000039, -0.001255
-0.012916, -0.011599, -0.006169, 59.770000,   59, -0.000517, 0.000039, -0.001255
-0.012919, -0.011598, -0.006172, 59.780000,   59, -0.000517, 0.000039, -0.001255
-0.012922, -0.011598, -0.006175, 59.790000,   59, -0.000517, 0.000039, -0.001255
-0.012925, -0.011598, -0.006178, 59.800000,   59, -0.000517, 0.000039, -0.001255
-0.012928, -0.011597, -0.006180, 59.810000,   59, -0.000517, 0.000039, -0.001255
-0.012931, -0.011597, -0.006183, 59.820000,   59, -0.000517, 0.000039, -0.001255
-0.012934, -0.011596, -0.006186, 59.830000,   59, -0.000517, 0.000039, -0.001255
-0.012937, -0.011596, -0.006188, 59.840000,   59, -0.000517, 0.000039, -0.001255
-0.012940, -0.011596, -0.006191, 59.850000,   59, -0.000517, 0.000039, -0.001255
-0.012942, -0.011595, -0.006194, 59.860000,   59, -0.000517, 0.000039, -0.001255
-0.012945, -0.011595, -0.006197, 59.870000,   59, -0.000517, 0.000039, -0.001255
-0.012948, -0.011595, -0.006199, 59.880000,   59, -0.000517, 0.000039, -0.001255
-0.012951, -0.011594, -0.006202, 59.890000,   59, -0.000517, 0.000039, -0.001255
-0.012954, -0.011594, -0.006205, 59.900000,   59, -0.000517, 0.000039, -0.001255
-0.012957, -0.011593, -0.006207, 59.910000,   59, -0.000517, 0.000039, -0.001255
-0.012960, -0.011593, -0.006210, 59.920000,   59, -0.000517, 0.000039, -0.001255
-0.012963, -0.011593, -0.006213, 59.930000,   59, -0.000517, 0.000039, -0.001255
-0.012966, -0.011592, -0.006216, 59.940000,   59, -0.000517, 0.000039, -0.001255
-0.012969, -0.011592, -0.006218, 59.950000,   59, -0.000517, 0.000039, -0.001255
-0.012972, -0.011592, -0.006221, 59.960000,   59, -0.000517, 0.000039, -0.001255
-0.012975, -0.011591, -0.006224, 59.970000,   59, -0.000517, 0.000039, -0.001255
-0.012978, -0.011591, -0.006226, 59.980000,   59, -0.000517, 0.000039, -0.001255
-0.012981, -0.011590, -0.006229, 59.990000,   59, -0.000517, 0.000039, -0.001255
-0.012984, -0.011590, -0.006232, 60.000000,   60, 0.000000, 0.000000, 0.000000
-0.012984, -0.011590, -0.006232, 60.010000,   60, 0.000000, 0.000000, 0.000000
-0.012984, -0.011589, -0.006232, 60.020000,   60, 0.000000, 0.000000, 0.000000
-0.012984, -0.011589, -0.006232, 60.030000,   60, 0.000000, 0.000000, 0.000000
-0.012985, -0.011589, -0.006233, 60.040000,   60, 0.000000, 0.000000, 0.000000
-0.012985, -0.011589, -0.006233, 60.050000,   60, 0.000000, 0.000000, 0.000000
-0.012985, -0.011588, -0.006233, 60.060000,   60, 0.000000, 0.000000, 0.000000
-0.012985, -0.011588, -0.006233, 60.070000,   60, 0.000000, 0.000000, 0.000000
-0.012985, -0.011588, -0.006233, 60.080000,   60, 0.000000, 0.000000, 0.000000
-0.012986, -0.011588, -0.006234, 60.090000,   60, 0.000000, 0.000000, 0.000000
-0.012986, -0.011587, -0.006234, 60.100000,   60, 0.000000, 0.000000, 0.000000
-0.012986, -0.011587, -0.006234, 60.110000,   60, 0.000000, 0.000000, 0.000000
-0.012986, -0.011587, -0.006234, 60.120000,   60, 0.000000, 0.000000, 0.000000
-0.012987, -0.011586, -0.006234, 60.130000,   60, 0.000000, 0.000000, 0.000000
-0.012987, -0.011586, -0.006235, 60.140000,   60, 0.000000, 0.000000, 0.000000
-0.012987, -0.011586, -0.006235, 60.150000,   60, 0.000000, 0.000000, 0.000000
-0.012987, -0.011586, -0.006235, 60.160000,   60, 0.000000, 0.000000, 0.000000
-0.012988, -0.011585, -0.006235, 60.170000,   60, 0.000000, 0.000000, 0.000000
-0.012988, -0.011585, -0.006235, 60.180000,   60, 0.000000, 0.000000, 0.000000
-0.012988, -0.011585, -0.006236, 60.190000,   60, 0.000000, 0.000000, 0.000000
-0.012988, -0.011585, -0.006236, 60.200000,   60, 0.000000, 0.000000, 0.000000
-0.012989, -0.011584, -0.006236, 60.210000,   60, 0.000000, 0.000000, 0.000000
-0.012989, -0.011584, -0.006236, 60.220000,   60, 0.000000, 0.000000, 0.000000
-0.012989, -0.011584, -0.006236, 60.230000,   60, 0.000000, 0.000000, 0.000000
-0.012989, -0.011583, -0.006237, 60.240000,   60, 0.000000, 0.000000, 0.000000
-0.012990, -0.011583, -0.006237, 60.250000,   60, 0.000000, 0.000000, 0.000000
-0.012990, -0.011583, -0.006237, 60.260000,   60, 0.000000, 0.000000, 0.000000
-0.012990, -0.011583, -0.006237, 60.270000,   60, 0.000000, 0.000000, 0.000000
-0.012990, -0.011582, -0.006237, 60.280000,   60, 0.000000, 0.000000, 0.000000
-0.012991, -0.011582, -0.006238, 60.290000,   60, 0.000000, 0.000000, 0.000000
-0.012991, -0.011582, -0.006238, 60.300000,   60, 0.000000, 0.000000, 0.000000
-0.012991, -0.011582, -0.006238, 60.310000,   60, 0.000000, 0.000000, 0.000000
-0.012991, -0.011581, -0.006238, 60.320000,   60, 0.000000, 0.000000, 0.000000
-0.012992, -0.011581, -0.006238, 60.330000,   60, 0.000000, 0.000000, 0.000000
-0.012992, -0.011581, -0.006239, 60.340000,   60, 0.000000, 0.000000, 0.000000
-0.012992, -0.011581, -0.006239, 60.350000,   60, 0.000000, 0.000000, 0.000000
-0.012992, -0.011580, -0.006239, 60.360000,   60, 0.000000, 0.000000, 0.000000
-0.012993, -0.011580, -0.006239, 60.370000,   60, 0.000000, 0.000000, 0.000000
-0.012993, -0.011580, -0.006239, 60.380000,   60, 0.000000, 0.000000, 0.000000
-0.012993, -0.011579, -0.006240, 60.390000,   60, 0.000000, 0.000000, 0.000000
-0.012993, -0.011579, -0.006240, 60.400000,   60, 0.000000, 0.000000, 0.000000
-0.012994, -0.011579, -0.006240, 60.410000,   60, 0.000000, 0.000000, 0.000000
-0.012994, -0.011579, -0.006240, 60.420000,   60, 0.000000, 0.000000, 0.000000
-0.012994, -0.011578, -0.006240, 60.430000,   60, 0.000000, 0.000000, 0.000000
-0.012994, -0.011578, -0.006241, 60.440000,   60, 0.000000, 0.000000, 0.000000
-0.012995, -0.011578, -0.006241, 60.450000,   60, 0.000000, 0.000000, 0.000000
-0.012995, -0.011578, -0.006241, 60.460000,   60, 0.000000, 0.000000, 0.000000
-0.012995, -0.011577, -0.006241, 60.470000,   60, 0.000000, 0.000000, 0.000000
-0.012995, -0.011577, -0.006241, 60.480000,   60, 0.000000, 0.000000, 0.000000
-0.012996, -0.011577, -0.006242, 60.490000,   60, 0.000000, 0.000000, 0.000000
-0.012996, -0.011576, -0.006242, 60.500000,   60, 0.000000, 0.000000, 0.000000
-0.012996, -0.011576, -0.006242, 60.510000,   60, 0.000000, 0.000000, 0.000000
-0.012996, -0.011576, -0.006242, 60.520000,   60, 0.000000, 0.000000, 0.000000
-0.012996, -0.011576, -0.006242, 60.530000,   60, 0.000000, 0.000000, 0.000000
-0.012997, -0.011575, -0.006243, 60.540000,   60, 0.000000, 0.000000, 0.000000
-0.012997, -0.011575, -0.006243, 60.550000,   60, 0.000000, 0.000000, 0.000000
-0.012997, -0.011575, -0.006243, 60.560000,   60, 0.000000, 0.000000, 0.000000
-0.012997, -0.011575, -0.006243, 60.570000,   60, 0.000000, 0.000000, 0.000000
-0.012998, -0.011574, -0.006243, 60.580000,   60, 0.000000, 0.000000, 0.000000
-0.012998, -0.011574, -0.006244, 60.590000,   60, 0.000000, 0.000000, 0.000000
-0.012998, -0.011574, -0.006244, 60.600000,   60, 0.000000, 0.000000, 0.000000
-0.012998, -0.011573, -0.006244, 60.610000,   60, 0.000000, 0.000000, 0.000000
-0.012999, -0.011573, -0.006244, 60.620000,   60, 0.000000, 0.000000, 0.000000
-0.012999, -0.011573, -0.006244, 60.630000,   60, 0.000000, 0.000000, 0.000000
-0.012999, -0.011573, -0.006245, 60.640000,   60, 0.000000, 0.000000, 0.000000
-0.012999, -0.011572, -0.006245, 60.650000,   60, 0.000000, 0.000000, 0.000000
-0.013000, -0.011572, -0.006245, 60.660000,   60, 0.000000, 0.000000, 0.000000
-0.013000, -0.011572, -0.006245, 60.670000,   60, 0.000000, 0.000000, 0.000000
-0.013000, -0.011572, -0.006245, 60.680000,   60, 0.000000, 0.000000, 0.000000
-0.013000, -0.011571, -0.006246, 60.690000,   60, 0.000000, 0.000000, 0.000000
-0.013001, -0.011571, -0.006246, 60.700000,   60, 0.000000, 0.000000, 0.000000
-0.013001, -0.011571, -0.006246, 60.710000,   60, 0.000000, 0.000000, 0.000000
-0.013001, -0.011570, -0.006246, 60.720000,   60, 0.000000, 0.000000, 0.000000
-0.013002, -0.011570, -0.006246, 60.730000,   60, 0.000000, 0.000000, 0.000000
-0.013002, -0.011570, -0.006247, 60.740000,   60, 0.000000, 0.000000, 0.000000
-0.013002, -0.011570, -0.006247, 60.750000,   60, 0.000000, 0.000000, 0.000000
-0.013002, -0.011569, -0.006247, 60.760000,   60, 0.000000, 0.000000, 0.000000
-0.013003, -0.011569, -0.006247, 60.770000,   60, 0.000000, 0.000000, 0.000000
-0.013003, -0.011569, -0.006247, 60.780000,   60, 0.000000, 0.000000, 0.000000
-0.013003, -0.011569, -0.006248, 60.790000,   60, 0.000000, 0.000000, 0.000000
-0.013003, -0.011568, -0.006248, 60.800000,   60, 0.000000, 0.000000, 0.000000
-0.013004, -0.011568, -0.006248, 60.810000,   60, 0.000000, 0.000000, 0.000000
-0.013004, -0.011568, -0.006248, 60.820000,   60, 0.000000, 0.000000, 0.000000
-0.013004, -0.011567, -0.006248, 60.830000,   60, 0.000000, 0.000000, 0.000000
-0.013004, -0.011567, -0.006249, 60.840000,   60, 0.000000, 0.000000, 0.000000
-0.013005, -0.011567, -0.006249, 60.850000,   60, 0.000000, 0.000000, 0.000000
-0.013005, -0.011567, -0.006249, 60.860000,   60, 0.000000, 0.000000, 0.000000
-0.013005, -0.011566, -0.006249, 60.870000,   60, 0.000000, 0.000000, 0.000000
-0.013005, -0.011566, -0.006249, 60.880000,   60, 0.000000, 0.000000, 0.000000
-0.013006, -0.011566, -0.006250, 60.890000,   60, 0.000000, 0.000000, 0.000000
-0.013006, -0.011566, -0.006250, 60.900000,   60, 0.000000, 0.000000, 0.000000
-0.013006, -0.011565, -0.006250, 60.910000,   60, 0.000000, 0.000000, 0.000000
-0.013006, -0.011565, -0.006250, 60.920000,   60, 0.000000, 0.000000, 0.000000
-0.013007, -0.011565, -0.006250, 60.930000,   60, 0.000000, 0.000000, 0.000000
-0.013007, -0.011564, -0.006251, 60.940000,   60, 0.000000, 0.000000, 0.000000
-0.013007, -0.011564, -0.006251, 60.950000,   60, 0.000000, 0.000000, 0.000000
-0.013007, -0.011564, -0.006251, 60.960000,   60, 0.000000, 0.000000, 0.000000
-0.013008, -0.011564, -0.006251, 60.970000,   60, 0.000000, 0.000000, 0.000000
-0.013008, -0.011563, -0.006251, 60.980000,   60, 0.000000, 0.000000, 0.000000
-0.013008, -0.011563, -0.006252, 60.990000,   60, 0.000000, 0.000000, 0.000000
-0.013008, -0.011563, -0.006252, 61.000000,   61, 0.000000, 0.000000, 0.000000
-0.013009, -0.011563, -0.006252, 61.010000,   61, 0.000000, 0.000000, 0.000000
-0.013009, -0.011562, -0.006252, 61.020000,   61, 0.000000, 0.000000, 0.000000
-0.013009, -0.011562, -0.006252, 61.030000,   61, 0.000000, 0.000000, 0.000000
-0.013009, -0.011562, -0.006253, 61.040000,   61, 0.000000, 0.000000, 0.000000
-0.013010, -0.011561, -0.006253, 61.050000,   61, 0.000000, 0.000000, 0.000000
-0.013010, -0.011561, -0.006253, 61.060000,   61, 0.000000, 0.000000, 0.000000
-0.013010, -0.011561, -0.006253, 61.070000,   61, 0.000000, 0.000000, 0.000000
-0.013010, -0.011561, -0.006253, 61.080000,   61, 0.000000, 0.000000, 0.000000
-0.013011, -0.011560, -0.006254, 61.090000,   61, 0.000000, 0.000000, 0.000000
-0.013011, -0.011560, -0.006254, 61.100000,   61, 0.000000, 0.000000, 0.000000
-0.013011, -0.011560, -0.006254, 61.110000,   61, 0.000000, 0.000000, 0.000000
-0.013011, -0.011560, -0.006254, 61.120000,   61, 0.000000, 0.000000, 0.000000
-0.013012, -0.011559, -0.006254, 61.130000,   61, 0.000000, 0.000000, 0.000000
-0.013012, -0.011559, -0.006255, 61.140000,   61, 0.000000, 0.000000, 0.000000
-0.013012, -0.011559, -0.006255, 61.150000,   61, 0.000000, 0.000000, 0.000000
-0.013013, -0.011558, -0.006255, 61.160000,   61, 0.000000, 0.000000, 0.000000
-0.013013, -0.011558, -0.006255, 61.170000,   61, 0.000000, 0.000000, 0.000000
-0.013013, -0.011558, -0.006255, 61.180000,   61, 0.000000, 0.000000, 0.000000
-0.013013, -0.011558, -0.006256, 61.190000,   61, 0.000000, 0.000000, 0.000000
-0.013014, -0.011557, -0.006256, 61.200000,   61, 0.000000, 0.000000, 0.000000
-0.013014, -0.011557, -0.006256, 61.210000,   61, 0.000000, 0.000000, 0.000000
-0.013014, -0.011557, -0.006256, 61.220000,   61, 0.000000, 0.000000, 0.000000
-0.013014, -0.011557, -0.006256, 61.230000,   61, 0.000000, 0.000000, 0.000000
-0.013015, -0.011556, -0.006257, 61.240000,   61, 0.000000, 0.000000, 0.000000
-0.013015, -0.011556, -0.006257, 61.250000,   61, 0.000000, 0.000000, 0.000000
-0.013015, -0.011556, -0.006257, 61.260000,   61, 0.000000, 0.000000, 0.000000
-0.013015, -0.011555, -0.006257, 61.270000,   61, 0.000000, 0.000000, 0.000000
-0.013016, -0.011555, -0.006257, 61.280000,   61, 0.000000, 0.000000, 0.000000
-0.013016, -0.011555, -0.006258, 61.290000,   61, 0.000000, 0.000000, 0.000000
-0.013016, -0.011555, -0.006258, 61.300000,   61, 0.000000, 0.000000, 0.000000
-0.013016, -0.011554, -0.006258, 61.310000,   61, 0.000000, 0.000000, 0.000000
-0.013017, -0.011554, -0.006258, 61.320000,   61, 0.000000, 0.000000, 0.000000
-0.013017, -0.011554, -0.006258, 61.330000,   61, 0.000000, 0.000000, 0.000000
-0.013017, -0.011554, -0.006259, 61.340000,   61, 0.000000, 0.000000, 0.000000
-0.013017, -0.011553, -0.006259, 61.350000,   61, 0.000000, 0.000000, 0.000000
-0.013018, -0.011553, -0.006259, 61.360000,   61, 0.000000, 0.000000, 0.000000
-0.013018, -0.011553, -0.006259, 61.370000,   61, 0.000000, 0.000000, 0.000000
-0.013018, -0.011552, -0.006259, 61.380000,   61, 0.000000, 0.000000, 0.000000
-0.013019, -0.011552, -0.006260, 61.390000,   61, 0.000000, 0.000000, 0.000000
-0.013019, -0.011552, -0.006260, 61.400000,   61, 0.000000, 0.000000, 0.000000
-0.013019, -0.011552, -0.006260, 61.410000,   61, 0.000000, 0.000000, 0.000000
-0.013019, -0.011551, -0.006260, 61.420000,   61, 0.000000, 0.000000, 0.000000
-0.013020, -0.011551, -0.006260, 61.430000,   61, 0.000000, 0.000000, 0.000000
-0.013020, -0.011551, -0.006261, 61.440000,   61, 0.000000, 0.000000, 0.000000
-0.013020, -0.011551, -0.006261, 61.450000,   61, 0.000000, 0.000000, 0.000000
-0.013020, -0.011550, -0.006261, 61.460000,   61, 0.000000, 0.000000, 0.000000
-0.013021, -0.011550, -0.006261, 61.470000,   61, 0.000000, 0.000000, 0.000000
-0.013021, -0.011550, -0.006261, 61.480000,   61, 0.000000, 0.000000, 0.000000
-0.013021, -0.011549, -0.006262, 61.490000,   61, 0.000000, 0.000000, 0.000000
-0.013021, -0.011549, -0.006262, 61.500000,   61, 0.000000, 0.000000, 0.000000
-0.013022, -0.011549, -0.006262, 61.510000,   61, 0.000000, 0.000000, 0.000000
-0.013022, -0.011549, -0.006262, 61.520000,   61, 0.000000, 0.000000, 0.000000
-0.013022, -0.011548, -0.006263, 61.530000,   61, 0.000000, 0.000000, 0.000000
-0.013023, -0.011548, -0.006263, 61.540000,   61, 0.000000, 0.000000, 0.000000
-0.013023, -0.011548, -0.006263, 61.550000,   61, 0.000000, 0.000000, 0.000000
-0.013023, -0.011548, -0.006263, 61.560000,   61, 0.000000, 0.000000, 0.000000
-0.013023, -0.011547, -0.006263, 61.570000,   61, 0.000000, 0.000000, 0.000000
-0.013024, -0.011547, -0.006264, 61.580000,   61, 0.000000, 0.000000, 0.000000
-0.013024, -0.011547, -0.006264, 61.590000,   61, 0.000000, 0.000000, 0.000000
-0.013024, -0.011546, -0.006264, 61.600000,   61, 0.000000, 0.000000, 0.000000
-0.013024, -0.011546, -0.006264, 61.610000,   61, 0.000000, 0.000000, 0.000000
-0.013025, -0.011546, -0.006264, 61.620000,   61, 0.000000, 0.000000, 0.000000
-0.013025, -0.011546, -0.006265, 61.630000,   61, 0.000000, 0.000000, 0.000000
-0.013025, -0.011545, -0.006265, 61.640000,   61, 0.000000, 0.000000, 0.000000
-0.013025, -0.011545, -0.006265, 61.650000,   61, 0.000000, 0.000000, 0.000000
-0.013026, -0.011545, -0.006265, 61.660000,   61, 0.000000, 0.000000, 0.000000
-0.013026, -0.011545, -0.006265, 61.670000,   61, 0.000000, 0.000000, 0.000000
-0.013026, -0.011544, -0.006266, 61.680000,   61, 0.000000, 0.000000, 0.000000
-0.013027, -0.011544, -0.006266, 61.690000,   61, 0.000000, 0.000000, 0.000000
-0.013027, -0.011544, -0.006266, 61.700000,   61, 0.000000, 0.000000, 0.000000
-0.013027, -0.011543, -0.006266, 61.710000,   61, 0.000000, 0.000000, 0.000000
-0.013027, -0.011543, -0.006266, 61.720000,   61, 0.000000, 0.000000, 0.000000
-0.013028, -0.011543, -0.006267, 61.730000,   61, 0.000000, 0.000000, 0.000000
-0.013028, -0.011543, -0.006267, 61.740000,   61, 0.000000, 0.000000, 0.000000
-0.013028, -0.011542, -0.006267, 61.750000,   61, 0.000000, 0.000000, 0.000000
-0.013028, -0.011542, -0.006267, 61.760000,   61, 0.000000, 0.000000, 0.000000
-0.013029, -0.011542, -0.006267, 61.770000,   61, 0.000000, 0.000000, 0.000000
-0.013029, -0.011542, -0.006268, 61.780000,   61, 0.000000, 0.000000, 0.000000
-0.013029, -0.011541, -0.006268, 61.790000,   61, 0.000000, 0.000000, 0.000000
-0.013030, -0.011541, -0.006268, 61.800000,   61, 0.000000, 0.000000, 0.000000
-0.013030, -0.011541, -0.006268, 61.810000,   61, 0.000000, 0.000000, 0.000000
-0.013030, -0.011540, -0.006268, 61.820000,   61, 0.000000, 0.000000, 0.000000
-0.013030, -0.011540, -0.006269, 61.830000,   61, 0.000000, 0.000000, 0.000000
-0.013031, -0.011540, -0.006269, 61.840000,   61, 0.000000, 0.000000, 0.000000
-0.013031, -0.011540, -0.006269, 61.850000,   61, 0.000000, 0.000000, 0.000000
-0.013031, -0.011539, -0.006269, 61.860000,   61, 0.000000, 0.000000, 0.000000
-0.013031, -0.011539, -0.006269, 61.870000,   61, 0.000000, 0.000000, 0.000000
-0.013032, -0.011539, -0.006270, 61.880000,   61, 0.000000, 0.000000, 0.000000
-0.013032, -0.011539, -0.006270, 61.890000,   61, 0.000000, 0.000000, 0.000000
-0.013032, -0.011538, -0.006270, 61.900000,   61, 0.000000, 0.000000, 0.000000
-0.013032, -0.011538, -0.006270, 61.910000,   61, 0.000000, 0.000000, 0.000000
-0.013033, -0.011538, -0.006270, 61.920000,   61, 0.000000, 0.000000, 0.000000
-0.013033, -0.011537, -0.006271, 61.930000,   61, 0.000000, 0.000000, 0.000000
-0.013033, -0.011537, -0.006271, 61.940000,   61, 0.000000, 0.000000, 0.000000
-0.013034, -0.011537, -0.006271, 61.950000,   61, 0.000000, 0.000000, 0.000000
-0.013034, -0.011537, -0.006271, 61.960000,   61, 0.000000, 0.000000, 0.000000
-0.013034, -0.011536, -0.006271, 61.970000,   61, 0.000000, 0.000000, 0.000000
-0.013034, -0.011536, -0.006272, 61.980000,   61, 0.000000, 0.000000, 0.000000
-0.013035, -0.011536, -0.006272, 61.990000,   61, 0.000000, 0.000000, 0.000000
